0.0414898481668	-2.38887458258	1.24884259927
-1.01424166317	-0.213497922506	0.752243960762
0.389786099234	0.981368887894	0.148177935613
-1.39559085441	1.15229337365	0.863659569707
-0.467697391631	1.63193212766	-0.931714244618
-0.29208827486	-1.25020954716	-0.802705659672
-1.08586134758	0.990489073103	-1.32339231829
-1.78243112299	-0.431581466542	1.25728499925
0.26916418295	-1.35765212765	0.421711087495
0.592397873691	-1.12816734537	-0.841839918058
1.52168327653	-0.55575342074	1.13655976825
1.34615925158	-2.45738132071	-0.186805997715
-0.458021179112	1.14400744302	-0.377670883981
0.0310360812505	0.564522554036	1.33207034071
0.283360899976	1.4417606787	1.46312978486
-1.46285840633	0.344375667289	-0.999304869398
0.0526998884651	1.05553237408	-0.501476542023
0.0420350370543	-0.770653875447	0.472487344923
-2.5394343539	-2.12431498316	2.64369255644
0.453196016557	-0.749939100629	1.33784765805
-0.241534791897	2.34560527775	0.226615446834
-0.920381486946	-0.246990408186	0.776209048145
0.36171143624	0.244537423258	-1.22540249441
3.08687816088	-1.45881722643	-0.619902401996
2.42473738792	-2.62355144807	-1.06315871687
-0.27834699614	-0.458628567414	-2.08612126786
1.3378058356	-0.787041086343	-2.04058287112
-0.540211072567	3.08773181801	-3.73077424236
-0.112021995389	-0.796995870714	0.900354557198
0.526898158792	2.04388567931	1.02123965537
